+14253562252
+18784269262
+17123308319
+19319366889
+12189997640
+12012916245
+19705624852
+19377942772
+14329909428
+17792589566
+12062762936
+14796063743
+13379857065
+17182532849
+16612306484
+13050067081
+13399860811
+16148142711
+16606069704
+17745330231
+17144155462
+14325182324
+17343732897
+16308760782
+17792891896
+17604870747
+18561497973
+17698699012
+12408037575
+17033227579
+17624277433
+15124440279
+18029225918
+13024644145
+15315860746
+16108002835
+18289136977
+13144862404
+19516050431
+16168933514
+16082270466
+15100894758
+16504921404
+18583313492
+19780156813
+18723344319
+19252398665
+12106014388
+15120926283
+15850095348
+13304605459
+14757615838
+15129881201
+19419698407
+12535156508
+17268447290
+14788828460
+19591509283
+14138202137
+14132111714
+13395786454
+16696608661
+19472952289
+19854610452
+17404634247
+15643706115
+17076756832
+13167664372
+12083328672
+12569214830
+17087772016
+19069366370
+18160930721
+19187919639
+18631243374
+17263657083
+16623865992
+14698175793
+12031321919
+16299399271
+17651948681
+16190305260
+13093574968
+15869959073
+16198711762
+12763487151
+13078413845
+19736358902
+13052190235
+13038245613
+15414060073
+15183318680
+13207515099
+19072649693
+12077942583
+12075669567
+15717840621
+18606916977
+19036479320
+19096507635
+15075041506
+19478936267
+15635758428
+16305055591
+15750593513
+19840441885
+15517183033
+18103220979
+14845192682
+13175590691
+14787054611
+16010772637
+19144331527
+13105387017
+16189131233
+17693307287
+16698324570
+13021174968
+14321574733
+13182842753
+18584552406
+19809148501
+12252534957
+15055409755
+13464024301
+13122906775
+18622691399
+17043927856
+17439989648
+16179294947
+14176324795
+14400033659
+19072557716
+15120893361
+17792845026
+17375070391
+18630898940
+19364292331
+19785463395
+15168156842
+19471273528
+16892517487
+12246735002
+18065827698
+18643215367
+13340782068
+14050288992
+12728516240
+18431426801
+19304719295
+17040611762
+14793554615
+16088760275
+19203203419
+12670195541
+16093404188
+13258779153
+15072653846
+16509750346
+14083010234
+19360533271
+19039836073
+18054415397
+18565825014
+17032437753
+16163220024
+18728539161
+16785160096
+17430132308
+18063018659
+17378072886
+18022796666
+14137663301
+13867539026
+16039624944
+18031233024
+15050463836
+14023262954
+13042587334
+16809527898
+13086739628
+19497339659
+18434827806
+17031783805
+12243384912
+18487924453
+16462729134
+19388548082
+12185836773
+18170492878
+17855183550
+12075868938
+13379406664
+17128402193
+12169269137
+19258613985
+13076326417
+18587994608
+18068598087
+14785137153
+14100410745
+18607624839
+16121124892
+16295590686
+14580122755
+16285702864
+13176547075
+12016336170
+16600434921
+16570639402
+12706037692
+16672394119
+16596886361
+13082852405
+15755116048
+15635077645
+12720863650
+13511464426
+14787544444
+17061364845
+18171261193
+16594063125
+16078588557
+12069924601
+18061436368
+16578772227
+19208607396
+18329985602
+13161490059
+17853019430
+19546547551
+19013098127
+17028367737
+12093998740
+18597503088
+12190229105
+13089676223
+12104312615
+13130808996
+14345944942
+13072657831
+13348162574
+15854430838
+17740969492
+17136611702
+19412866691
+17125846189
+19850709736
+18177826507
+14703117828
+16410657017
+19063131350
+19510636508
+13100014289
+19318169576
+12082554887
+15591679248
+16261008967
+19545010494
+17344495916
+12484444613
+17742792114
+19281228118
+19285065636
+18068467630
+14150217102
+19899610796
+19892386144
+17121165318
+15082764748
+12165284927
+15055870804
+15125323940
+14010000872
+19360518441
+12188817576
+15677119799
+19511564745
+12299587236
+17631711237
+12143571644
+12162803182
+14324942400
+12538038370
+12015321136
+17699874279
+13107616837
+16150225912
+16174071756
+16828927308
+19840454682
+16695223483
+12172401593
+15011957412
+16023323267
+19191884499
+17129171591
+15676676819
+17709326241
+16070607028
+14328720951
+16614083819
+13210933217
+19404966356
+16286462887
+12015834110
+16363670447
+12531608339
+15172786720
+14023814895
+15627774824
+12178475237
+19095726521
+13146877031
+19343773799
+17207316593
+17739062978
+19595606780
+14172674780
+18172351257
+17125053945
+16698577692
+12240385515
+18179362362
+15050302767
+16579592087
+15807056158
+15739735610
+17734947773
+12409491892
+17636305633
+18725187209
+14067263339
+16268157631
+13858535608
+12155167132
+18630717913
+19522235896
+16691511905
+17010316618
+18301593792
+14256601499
+15633340210
+13082635399
+14355139177
+12813988510
+19159498151
+17694716283
+19718368238
+19105251927
+16208525992
+17576239997
+18068865239
+17246457519
+16062563541
+17171419942
+17735413865
+12155354951
+13042707623
+17207147737
+15740680789
+14093865305
+17261101243
+15127739844
+13192507451
+18149149354
+15640581863
+16012013730
+16197304598
+13033860040
+12021588402
+14094513482
+19590340199
+14342770326
+17472340866
+19108552894
+16280345847
+17245390473
+18172114792
+13074037698
+13607750838
+16292126856
+16616209053
+15514026641
+13020975055
+13373118802
+14251505441
+15054892534
+17164947978
+14780681674
+17032169442
+18781365121
+14024492428
+14071944319
+19147790749
+16094380276
+18607678588
+19387377502
+13372311802
+17740167130
+18577104952
+13199282060
+13051085363
+12606887267
+12519965625
+17632084103
+19568181037
+19147682168
+13055301963
+15024286406
+14104032111
+18123042792
+17066523231
+18289903524
+15592557797
+15154249758
+12121824536
+17146008075
+13643369373
+17372288903
+19157006848
+13211366729
+17039602216
+18572494782
+19081376137
+17041046579
+19065947769
+15517367276
+14046705383
+16063273170
+13046086240
+18471512650
+17071574169
+14025997149
+15082925936
+14122811779
+16826694401
+12566579809
+14062276702
+15027795281
+16230635020
+18179286282
+16626081935
+15103716560
+12766744599
+18607706246
+16038808484
+15703460684
+18388936712
+14698691236
+16513004729
+13464404628
+15670401605
+15010668370
+17080708257
+16207041220
+13256061337
+15081568670
+16101532877
+16506362106
+12133895792
+15635287338
+13054668209
+15808211809
+14124978694
+14324484181
+15717743063
+12080875021
+17620682596
+15130688491
+13528336141
+15629554015
+18281286051
+18599308798
+18380953879
+19130153151
+12034886354
+12191505445
+15093367761
+12174286842
+16034040970
+18162127167
+17634966503
+19202112234
+14422842934
+16896948323
+14062545279
+16143702493
+17061667468
+13300129331
+17141506983
+17479040406
+12768226991
+13101091238
+17621286980
+18659751598
+13141327994
+13609441191
+17476544803
+13051713087
+16051737952
+18038512294
+16309547109
+17852062233
+12315934720
+13041225443
+17141158397
+17855400748
+16033872209
+17246352680
+18388837178
+18018089222
+17626909820
+15169015059
+15306891374
+15746220662
+14156380206
+14015793072
+15593084385
+19514631553
+15011387512
+18085036805
+18786234027
+14347413367
+18131729332
+13800975472
+19309412368
+13602750298
+14236425548
+15152014841
+17319788087
+15044694638
+19065975500
+17477450083
+13162389493
+13135928377
+15395167074
+18016578597
+16894387601
+13029016028
+15151126059
+15086656386
+14072684716
+19151797136
+12568024642
+19856372352
+18159680671
+13104601339
+18639005436
+15409123438
+17207106135
+19177475467
+16514302383
+15056143299
+19175087846
+14047513871
+17169166188
+16232300018
+12179832079
+16077482237
+16780283738
+19075411380
+18023114195
+16058848317
+19137373240
+13340123232
+12146046166
+17209045261
+18106674337
+18543198789
+19039177809
+18157729518
+13014364876
+14580686070
+17479321835
+14109206175
+17573316721
+16597003761
+18623629035
+19150921734
+13151420271
+17255719623
+13203494417
+13043691724
+17609255193
+13520253144
+12705849768
+12026700531
+17137439523
+16056937314
+15709312109
+18287953923
+17639964055
+17574949911
+17160486752
+19715586693
+18325096526
+15167898347
+19569068095
+19067111738
+19180231276
+15044943659
+13302177372
+15135259182
+19365315985
+15305624862
+17818503365
+14063766033
+15026099980
+16619459476
+18281464573
+18585004800
+15122826378
+14409351245
+14026787685
+15163117730
+13510402571
+19097331447
+17810167425
+12288896803
+19072055714
+19387841406
+16062738339
+12298318047
+12812612755
+15399542061
+19162097899
+16674865552
+12707721053
+15711540254
+17858603332
+15415345269
+19300083153
+19089046080
+14428686351
+17735208872
+13198304700
+12605435923
+13186519149
+19593767975
+13390122335
+13402238851
+12185501181
+12242470452
+18317599818
+13179983463
+14581903389
+14780209252
+16781330031
+14053714684
+15138461960
+14016336167
+12190015595
+16512542581
+19081372154
+12318098233
+18131950635
+16305729433
+15032073106
+13165303683
+16231018570
+12144882277
+15102150732
+17815576264
+12725325299
+17048371322
+19590263854
+12403994841
+19124247825
+17015084727
+17081968169
+15347430956
+15166181569
+18061997585
+19125341643
+14192190880
+16696410431
+18575109861
+12768234702
+12678994750
+19386789109
+16412653001
+18313374945
+16695989952
+12036790525
+18019122905
+18100830470
+19252774970
+18127902152
+12697152429
+17749702824
+17347805301
+19381896377
+19794027659
+13137482421
+15160968205
+15621594551
+17730323378
+12135599667
+15012635098
+17571510187
+15707339096
+12079268096
+15704103493
+19804992055
+15708737126
+17818937444
+15208356463
+14129574354
+15174620503
+13851638056
+19252456412
+18567395822
+13514345188
+12016036709
+14796880185
+13027137560
+13131829675
+15708394656
+17434151815
+12064707982
+19099931066
+13528963087
+14042882234
+13804032068
+17164822122
+12402714720
+16061768221
+16022270805
+13309644701
+12153369414
+14841178454
+17037092845
+14072939112
+14065458657
+12064797301
+18177263309
+14050172346
+12539802650
+18103960944
+12528718057
+13205358550
+19349200852
+15131355364
+14436006430
+18159065284
+16016951844
+15071175758
+14053715873
+12706594737
+17243159360
+14431924959
+12052621231
+18507876516
+17634688858
+17015681012
+14179662585
+12099036376
+13188771677
+14011760039
+16129914453
+14027392038
+13214176751
+14848129207
+15393269998
+17268735603
+15105139670
+18640703252
+14343915752
+15043508266
+14070234169
+18547835892
+12488186053
+16463434265
+19529217697
+15852853155
+19187989439
+16190996009
+19597161920
+19079757593
+18040269448
+15340683770
+19302754377
+18381790353
+18652343980
+17185871191
+12095815401
+17016841360
+15344324424
+19523633510
+13478611877
+17187496607
+13853544356
+15634298509
+12130944948
+19177171744
+18481002250
+17203271025
+18108429854
+15627373278
+16821403613
+18700705777
+19739901751
+16166334231
+13187994094
+16086480684
+15316004748
+17204272443
+15701311806
+13161190957
+14015931839
+17370217348
+19708197985
+13164139873
+18435057895
+16593488135
+19319585579
+13200761901
+17730280709
+12699933212
+14051428473
+15107308651
+17728388582
+16825636169
+16784611330
+12566707350
+15171545749
+12535418435
+17623110901
+13310843293
+14072673485
+13042492643
+17124377312
+18179764446
+12299932740
+19252670783
+16596738256
+16301559305
+17120229034
+15510711493
+16608009822
+12071176293
+19412186637
+13372537020
+17062011648
+16612047780
+16065604728
+18321724173
+16618368551
+13378159710
+13193725840
+18588123335
+19738523174
+14155586147
+14083931261
+13100931147
+18179573292
+12311281673
+16599621993
+12398511025
+17188512307
+12290630369
+12092434343
+17071993512
+14324034040
+19049995487
+16029276638
+19731865061
+12248413659
+12077959198
+16098915469
+19899899773
+17748405784
+18504024323
+13478244298
+16505453435
+13367171513
+15021006601
+13108910227
+17477325131
+16238730274
+17402281691
+17379481179
+19136361311
+19108207916
+17850880476
+16170702903
+15071030111
+15510642340
+19853106978
+15703266873
+16512398115
+16318822218
+18573275909
+14142040267
+15133505130
+17798544381
+19471832736
+15312968528
+12062543844
+12245853544
+19714721842
+19293137170
+12078213289
+18570673515
+14145063773
+15515296771
+15155166629
+19786501658
+19593759334
+14072253292
+18109182811
+17038313655
+17047963013
+18570341827
+17010207177
+12703309123
+16185622214
+15038308333
+15759801218
+12694015301
+15152627441
+13239381906
+18184037416
+17654441318
+18043697453
+17852938165
+19844025684
+13376117904
+18018640446
+14255664037
+12282570491
+13372646427
+12561794148
+16106511857
+13319073453
+12565394896
+13153016957
+18027693937
+18022691925
+16899233001
+18322495272
+17746234978
+14079128039
+13096354723
+12180221492
+14258449525
+14072301764
+19040019087
+18328657290
+15178823565
+19195998377
+15075988727
+15809989553
+13144352347
+18010605194
+14323598671
+14694036809
+13516115557
+15620130998
+13343565711
+13528480413
+19518714169
+15738402082
+12624457817
+14143065618
+12524278852
+16315897493
+16168576002
+19155966854
+19702380166
+15340118305
+12251949132
+16595286703
+18065544144
+18152267973
+17033146958
+16086270535
+14025044363
+16360197978
+12186226658
+13525398693
+16783991678
+16146472268
+15136085810
+14156871979
+17701759292
+14247224505
+16519704924
+16690425597
+19841012351
+15310479105
+12528690168
+17126891345
+12258438203
+18106527079
+19126735998
+16607180817
+15517336046
+17199335482
+18282234822
+13515937316
+14755554887
+18572056411
+19048565634
+15621834362
+19595493428
+14795380560
+17329189628
+13529649513
